0 0
1 3
2 2
3 3
4 2
5 5
6 9
7 23
8 28
9 34
10 62
11 69
12 138
13 215
14 254
15 348
16 421
17 488
18 544
19 667
20 767
21 815
22 1026
23 1231
24 1324
25 1670
26 1769
27 1921
28 1971
29 1899
30 1917
31 1746
32 1677
33 1651
34 1695
35 1744
36 1691
37 1719
38 1655
39 1568
40 1488
41 1389
42 1355
43 1222
44 1169
45 1194
46 1053
47 1031
48 953
49 909
50 844
51 836
52 839
53 807
54 748
55 719
56 744
57 737
58 686
59 651
60 650
61 615
62 608
63 626
64 593
65 560
66 584
67 571
68 534
69 577
70 669
71 614
72 573
73 547
74 502
75 395
76 354
77 367
78 325
79 314
80 257
81 228
82 188
83 139
84 148
85 121
86 151
87 128
88 125
89 118
90 132
91 133
92 166
93 198
94 229
95 231
96 241
97 170
98 142
99 108
100 81
101 69
102 68
103 45
104 38
105 37
106 57
107 36
108 55
109 66
110 434
111 61
112 57
113 48
114 59
115 40
116 65
117 57
118 85
119 99
120 92
121 116
122 125
123 159
124 176
125 213
126 255
127 288
128 296
129 326
130 367
131 325
132 365
133 458
134 517
135 516
136 634
137 639
138 608
139 534
140 565
141 524
142 625
143 686
144 743
145 680
146 672
147 688
148 744
149 717
150 840
151 866
152 969
153 826
154 853
155 720
156 713
157 756
158 772
159 799
160 772
161 762
162 676
163 641
164 631
165 609
166 589
167 523
168 549
169 518
170 488
171 485
172 494
173 524
174 491
175 469
176 384
177 370
178 321
179 332
180 417
181 380
182 361
183 285
184 298
185 257
186 255
187 278
188 217
189 238
190 187
191 151
192 132
193 131
194 128
195 128
196 120
197 98
198 81
199 45
200 59
201 43
202 21
203 26
204 14
205 12
206 7
207 2
208 1
209 0
210 0
211 0
212 0
213 0
214 0
215 0
216 0
217 0
218 0
219 0
220 0
221 0
222 0
223 0
224 0
225 0
226 0
227 0
228 0
229 0
230 0
231 0
232 0
233 0
234 0
235 0
236 0
237 0
238 0
239 0
240 0
241 0
242 0
243 0
244 0
245 0
246 0
247 0
248 0
249 0
250 0
251 0
252 0
253 0
254 0
255 0
